
y_max           mean    median       std
label
0     -3.349197 -3.403320  0.337379
1     -3.179507 -3.300039  0.477003
2     -3.048138 -3.103187  0.301012
3     -2.677989 -2.865291  0.570313
y_min           mean    median       std
label
0     -5.106423 -4.947415  0.814572
1     -5.043727 -4.795755  0.807483
2     -5.727709 -5.676350  0.582828
3     -6.872740 -6.468309  1.492531
y_peak_to_peak           mean    median       std
label
0      1.757226  1.544659  1.127395
1      1.864220  1.511170  1.249445
2      2.679571  2.583135  0.844130
3      4.194751  3.612328  2.019039
y_mean           mean    median       std
label
0     -3.914258 -3.929145  0.065461
1     -3.954841 -3.971548  0.052347
2     -3.884230 -3.886471  0.040064
3     -3.789109 -3.823833  0.125157
y_median           mean    median       std
label
0     -3.920177 -3.934853  0.065739
1     -3.961702 -3.978648  0.052775
2     -3.890946 -3.893228  0.040319
3     -3.795015 -3.829536  0.125288
y_std           mean    median       std
label
0      0.134897  0.129867  0.021152
1      0.139838  0.131187  0.020127
2      0.150456  0.148733  0.013915
3      0.183349  0.166125  0.052283
y_abs_mean           mean    median       std
label
0      3.914258  3.929145  0.065461
1      3.954841  3.971548  0.052347
2      3.884230  3.886471  0.040064
3      3.789109  3.823833  0.125157
y_energy               mean        median          std
label
0      61392.714077  61833.752753  1989.205012
1      62669.536096  63178.650207  1618.186805
2      60461.815646  60521.546036  1230.339835
3      57651.860888  58613.795667  3607.101836
y_abs_area             mean      median        std
label
0      782.847697  785.824987  13.092264
1      790.964424  794.305763  10.469404
2      776.842046  777.290654   8.012953
3      757.817990  764.762502  25.031298
x_at_y_max             mean  median        std
label
0      988.991626  978.30  32.158568
1      989.251153  979.85  29.605356
2      977.801453  977.70   2.172924
3      977.870912  978.05   2.326336
x_at_y_min              mean  median        std
label
0       984.036950  978.05  22.421428
1      1012.738008  978.40  68.392786
2       977.445237  977.10   6.684344
3       977.544833  977.70   2.297944
first_third_energy               mean        median          std
label
0      20811.575414  20954.981962   652.379072
1      21244.145577  21407.325358   534.743756
2      20512.550484  20531.295461   402.398949
3      19602.022936  19904.046351  1144.000091
middle_third_energy               mean        median          std
label
0      19705.000960  19846.606559   653.081423
1      20109.762263  20277.958833   529.246710
2      19382.186227  19403.897004   404.085295
3      18472.279279  18797.272511  1218.963589
last_third_energy               mean        median          std
label
0      20876.137704  21029.759937   686.171545
1      21315.628256  21491.267055   555.280128
2      20567.078935  20586.679831   424.643890
3      19577.558674  19912.257963  1246.695470
first_third_std           mean    median       std
label
0      0.140102  0.128709  0.049378
1      0.149445  0.130405  0.052319
2      0.180204  0.177463  0.034385
3      0.255495  0.224838  0.103443
middle_third_std           mean    median       std
label
0      0.108986  0.110792  0.004876
1      0.110764  0.111130  0.002487
2      0.110680  0.110889  0.001801
3      0.107428  0.110906  0.006607
last_third_std           mean    median       std
label
0      0.117798  0.119283  0.004965
1      0.119253  0.119324  0.002533
2      0.119346  0.119440  0.001790
3      0.116849  0.119891  0.006850

                        y_max     y_min  y_peak_to_peak    y_mean  y_median     y_std  y_abs_mean  y_energy  y_abs_area  x_at_y_max  x_at_y_min  first_third_energy  middle_third_energy  last_third_energy  first_third_std  middle_third_std  last_third_std
y_max                1.000000 -0.905832        0.949919  0.785012  0.784762  0.894395   -0.785010 -0.779639   -0.785011   -0.240448   -0.264654           -0.771322            -0.781076          -0.784627         0.919067         -0.029635        0.055139
y_min               -0.905832  1.000000       -0.992852 -0.947796 -0.947226 -0.978901    0.947795  0.943641    0.947795    0.232475    0.268139            0.937799             0.946625           0.944561        -0.992970         -0.025777       -0.134179
y_peak_to_peak       0.949919 -0.992852        1.000000  0.920304  0.919814  0.974066   -0.920303 -0.915726   -0.920303   -0.239227   -0.272355           -0.909073            -0.918332          -0.917810         0.991395          0.010665        0.114511
y_mean               0.785012 -0.947796        0.920304  1.000000  0.999919  0.929079   -1.000000 -0.999389   -1.000000   -0.185592   -0.224369           -0.998149            -0.999229          -0.998980         0.938450          0.008897        0.113818
y_median             0.784762 -0.947226        0.919814  0.999919  1.000000  0.927932   -0.999919 -0.999405   -0.999919   -0.184901   -0.224773           -0.998247            -0.999105          -0.999053         0.937615          0.007518        0.112100
y_std                0.894395 -0.978901        0.974066  0.929079  0.927932  1.000000   -0.929078 -0.919131   -0.929077   -0.178007   -0.194420           -0.909030            -0.927440          -0.918900         0.991065          0.125074        0.232337
y_abs_mean          -0.785010  0.947795       -0.920303 -1.000000 -0.999919 -0.929078    1.000000  0.999389    1.000000    0.185592    0.224369            0.998149             0.999229           0.998980        -0.938449         -0.008897       -0.113818
y_energy            -0.779639  0.943641       -0.915726 -0.999389 -0.999405 -0.919131    0.999389  1.000000    0.999389    0.190756    0.232163            0.999614             0.999045           0.999564        -0.931768          0.002405       -0.101708
y_abs_area          -0.785011  0.947795       -0.920303 -1.000000 -0.999919 -0.929077    1.000000  0.999389    1.000000    0.185592    0.224369            0.998149             0.999229           0.998980        -0.938449         -0.008895       -0.113817
x_at_y_max          -0.240448  0.232475       -0.239227 -0.185592 -0.184901 -0.178007    0.185592  0.190756    0.185592    1.000000    0.431098            0.193076             0.188927           0.190044        -0.215512          0.051394        0.018384
x_at_y_min          -0.264654  0.268139       -0.272355 -0.224369 -0.224773 -0.194420    0.224369  0.232163    0.224369    0.431098    1.000000            0.236033             0.228687           0.231531        -0.239304          0.075477        0.038497
first_third_energy  -0.771322  0.937799       -0.909073 -0.998149 -0.998247 -0.909030    0.998149  0.999614    0.998149    0.193076    0.236033            1.000000             0.997783           0.999311        -0.924283          0.017554       -0.086281
middle_third_energy -0.781076  0.946625       -0.918332 -0.999229 -0.999105 -0.927440    0.999229  0.999045    0.999229    0.188927    0.228687            0.997783             1.000000           0.997581        -0.935369         -0.038723       -0.142879
last_third_energy   -0.784627  0.944561       -0.917810 -0.998980 -0.999053 -0.918900    0.998980  0.999564    0.998980    0.190044    0.231531            0.999311             0.997581           1.000000        -0.933636          0.028052       -0.076100
first_third_std      0.919067 -0.992970        0.991395  0.938450  0.937615  0.991065   -0.938449 -0.931768   -0.938449   -0.215512   -0.239304           -0.924283            -0.935369          -0.933636         1.000000          0.024227        0.133648
middle_third_std    -0.029635 -0.025777        0.010665  0.008897  0.007518  0.125074   -0.008897  0.002405   -0.008895    0.051394    0.075477            0.017554            -0.038723           0.028052         0.024227          1.000000        0.978743
last_third_std       0.055139 -0.134179        0.114511  0.113818  0.112100  0.232337   -0.113818 -0.101708   -0.113817    0.018384    0.038497           -0.086281            -0.142879          -0.076100         0.133648          0.978743        1.000000